NR_024570.1	562	2667	NR_024570.1	X80725.1.1450	100.000	1450	0	0	1	1450	1	1450	0.0
NR_024570.1	866789	2641	NR_024570.1	CP033092.3505290.3506843	99.449	1452	6	2	1	1450	10	1461	0.0
NR_024570.1	585035	2641	NR_024570.1	CU928161.4150181.4151722	99.449	1452	6	2	1	1450	10	1461	0.0
NR_024570.1	562	2641	NR_024570.1	CP027672.2443951.2445472	99.449	1452	6	2	1	1450	3	1454	0.0
NR_024570.1	866789	2641	NR_024570.1	CP033092.2869410.2870963	99.449	1452	6	2	1	1450	10	1461	0.0
NG_042623.1	4932	6065	NG_042623.1	JQ689017.1.3284	100.000	3284	0	0	1	3284	1	3284	0.0
NG_042623.1	4932	6065	NG_042623.1	AY048154.1.3301	100.000	3284	0	0	1	3284	1	3284	0.0
NG_042623.1	559292	6054	NG_042623.1	BK006945.460923.464318	99.939	3284	2	0	1	3284	65	3348	0.0
NG_042623.1	559292	6054	NG_042623.1	BK006945.451786.455181	99.939	3284	2	0	1	3284	65	3348	0.0
NG_042623.1	226125	6021	NG_042623.1	BR000309.1.3396	99.756	3284	8	0	1	3284	65	3348	0.0
NR_003279.1	10090	8540	NR_003279.1	GU372691.11134.15878	99.200	4751	11	15	1	4730	1	4745	0.0
NR_003279.1	10116	6807	NR_003279.1	V01270.3862.8647	92.695	4860	137	132	1	4716	1	4786	0.0
NR_003279.1	10116	5116	NR_003279.1	AC091339.875044.878354	94.615	3361	86	58	1289	4604	1	3311	0.0
NR_003279.1	1615796	3749	NR_003279.1	GCHG01002582.30.3931	91.902	2766	96	75	1978	4708	1230	3902	0.0
NR_003279.1	1615796	1531	NR_003279.1	GCHG01002582.30.3931	94.095	1033	20	27	909	1906	202	1228	0.0
NR_003279.1	90370	3273	NR_003279.1	CJFU01000046.1284.4485	99.230	1819	5	7	1289	3099	1	1818	0.0
NR_003279.1	90370	2545	NR_003279.1	CJFU01000046.1284.4485	99.292	1412	3	7	3194	4599	1792	3202	0.0
