NC_024864.1	33424	28378	NC_024864.1	NC_024864.1	100.000	15367	0	0	1	15367	1	15367	0.0
NC_024864.1	33428	27034	NC_024864.1	NC_024741.1	98.421	15385	209	23	1	15367	1	15369	0.0
NC_024864.1	33427	23340	NC_024864.1	NC_026463.1	94.334	15283	774	64	1	15237	1	15237	0.0
NC_024864.1	33427	135	NC_024864.1	NC_026463.1	93.407	91	6	0	8687	8777	14917	15007	9.40e-29
NC_024864.1	33425	23339	NC_024864.1	NC_024744.1	94.138	15388	814	67	1	15355	1	15333	0.0
NC_024864.1	33446	20563	NC_024864.1	NC_027516.1	91.769	14870	1099	79	1	14818	1	14797	0.0
KF700096.1	405982	2634	KF700096.1	NC_031857.1	79.375	4000	627	153	9415	13300	9540	13455	0.0
KF700096.1	405982	1663	KF700096.1	NC_031857.1	86.178	1541	209	4	1	1539	1	1539	0.0
KF700096.1	405982	1085	KF700096.1	NC_031857.1	77.358	1908	382	33	7339	9219	7509	9393	0.0
KF700096.1	405982	852	KF700096.1	NC_031857.1	81.331	1082	173	19	14655	15720	14131	15199	0.0
KF700096.1	405982	717	KF700096.1	NC_031857.1	85.324	695	101	1	1694	2388	1651	2344	0.0
KF700096.1	405982	259	KF700096.1	NC_031857.1	83.803	284	35	10	13458	13738	13576	13851	6.15e-66
KF700096.1	405982	76.8	KF700096.1	NC_031857.1	85.526	76	8	2	15756	15831	15262	15334	6.65e-11
KF700096.1	2683703	2603	KF700096.1	NC_081576.1	79.317	3984	618	153	9415	13282	9607	13500	0.0
KF700096.1	2683703	1674	KF700096.1	NC_081576.1	86.308	1541	207	4	1	1539	1	1539	0.0
KF700096.1	2683703	1668	KF700096.1	NC_081576.1	75.329	3729	789	96	5573	9235	5759	9422	0.0
KF700096.1	2683703	815	KF700096.1	NC_081576.1	82.586	959	134	21	14516	15445	14041	14995	0.0
KF700096.1	2683703	752	KF700096.1	NC_081576.1	86.227	697	93	3	1693	2388	1649	2343	0.0
KF700096.1	2683703	279	KF700096.1	NC_081576.1	84.775	289	33	8	13458	13742	13640	13921	4.72e-72
KF700096.1	2683703	206	KF700096.1	NC_081576.1	83.058	242	26	11	15502	15737	15093	15325	8.13e-50
KF700096.1	63673	2259	KF700096.1	NC_061024.1	83.982	2391	346	30	1	2384	1	2361	0.0
KF700096.1	63673	1563	KF700096.1	NC_061024.1	77.393	2862	498	110	9387	12184	9394	12170	0.0
KF700096.1	63673	990	KF700096.1	NC_061024.1	76.980	1768	386	21	3793	5550	3780	5536	0.0
KF700096.1	63673	848	KF700096.1	NC_061024.1	81.676	1086	140	46	12232	13281	12176	13238	0.0
KF700096.1	63673	758	KF700096.1	NC_061024.1	80.843	997	163	22	14469	15440	14051	15044	0.0
KF700096.1	63673	276	KF700096.1	NC_061024.1	83.934	305	32	14	13429	13729	13252	13543	6.11e-71
KF700096.1	63673	244	KF700096.1	NC_061024.1	80.692	347	39	19	15503	15831	15073	15409	1.72e-61
KF700096.1	335776	1580	KF700096.1	NC_029366.1	85.221	1536	227	0	1	1536	1	1536	0.0
KF700096.1	335776	1474	KF700096.1	NC_029366.1	76.677	2967	499	145	10444	13282	10750	13651	0.0
KF700096.1	335776	662	KF700096.1	NC_029366.1	82.015	784	135	6	14657	15437	14130	14910	0.0
KF700096.1	335776	651	KF700096.1	NC_029366.1	83.499	703	110	6	1690	2389	1592	2291	0.0
KF700096.1	335776	230	KF700096.1	NC_029366.1	82.963	270	30	9	13458	13719	13752	14013	4.82e-57
KF700096.1	335776	198	KF700096.1	NC_029366.1	73.367	597	134	20	8643	9223	8842	9429	1.36e-47
KF700096.1	335776	172	KF700096.1	NC_029366.1	80.973	226	35	7	15502	15720	15014	15238	8.24e-40
KF700096.1	335776	80.5	KF700096.1	NC_029366.1	86.842	76	5	3	15757	15830	15371	15443	5.14e-12
KF700096.1	307057	1432	KF700096.1	NC_031858.1	83.506	1540	248	5	1	1537	1	1537	0.0
KF700096.1	307057	739	KF700096.1	NC_031858.1	78.378	1147	242	6	7441	8584	7220	8363	0.0
KF700096.1	307057	608	KF700096.1	NC_031858.1	79.977	879	133	28	10470	11324	10106	10965	5.30e-171
KF700096.1	307057	560	KF700096.1	NC_031858.1	76.909	1087	189	45	12237	13287	11871	12931	1.51e-156
NC_012920.1	9606	30594	NC_012920.1	NC_012920.1	100.000	16569	0	0	1	16569	1	16569	0.0
NC_012920.1	63221	29420	NC_012920.1	NC_011137.1	98.721	16570	206	3	1	16569	1	16565	0.0
NC_012920.1	741158	28398	NC_012920.1	NC_013993.1	97.605	16577	382	9	1	16569	1	16570	0.0
NC_012920.1	9597	21935	NC_012920.1	NC_001644.1	91.433	16003	1347	22	577	16569	1	15989	0.0
NC_012920.1	9597	608	NC_012920.1	NC_001644.1	85.886	581	70	10	1	576	15990	16563	4.97e-171
NC_012920.1	9598	21837	NC_012920.1	NC_001643.1	91.327	16003	1360	24	577	16569	1	15985	0.0
NC_012920.1	9598	604	NC_012920.1	NC_001643.1	86.087	575	64	13	1	571	15986	16548	6.43e-170
